{
"e_orb_ks":
            [
            -0.30629741,
            0.11775464,
            0.11775464,
            0.11775464,
            0.30058177,
            0.65633978,
            0.65633978,
            0.65633978,
            0.65633978,
            0.65633978,
            0.30018286,
            0.30018286,
            0.30018286
            ],
"e_orb_kp_0":
            [
                [
                    -0.96243971,
                    -0.18854277,
                    -0.18854277,
                    -0.18854277,
                    -0.00571564,
                    0.35004237,
                    0.35004237,
                    0.35004237,
                    0.35004237,
                    0.35004237,
                    -0.00611455,
                    -0.00611455,
                    -0.00611455
                ],
                [
                    -0.18854277,
                    0.62548915,
                    0.58406966,
                    0.58406966,
                    0.69788712,
                    1.13354189,
                    1.13110322,
                    1.10289366,
                    1.11392409,
                    1.13270172,
                    0.68925318,
                    0.67300899,
                    0.67584422
                ],
                [
                    -0.18854277,
                    0.58406966,
                    0.62548915,
                    0.58406966,
                    0.69788712,
                    1.12954743,
                    1.13379276,
                    1.13298574,
                    1.11249714,
                    1.10534151,
                    0.67254894,
                    0.68272828,
                    0.68282917
                ],
                [
                    -0.18854277,
                    0.58406966,
                    0.58406966,
                    0.62548915,
                    0.69788712,
                    1.10540943,
                    1.10360278,
                    1.13261935,
                    1.14207751,
                    1.13045551,
                    0.67630427,
                    0.68236912,
                    0.679433
                ],
                [
                    -0.00571564,
                    0.69788712,
                    0.69788712,
                    0.69788712,
                    0.8360575,
                    1.22730209,
                    1.22730209,
                    1.22730209,
                    1.22730209,
                    1.22730209,
                    0.82417576,
                    0.82417576,
                    0.82417576
                ],
                [
                    0.35004237,
                    1.13354189,
                    1.12954743,
                    1.10540943,
                    1.22730209,
                    1.68785961,
                    1.66453477,
                    1.64902674,
                    1.64432431,
                    1.64937863,
                    1.20998238,
                    1.20976015,
                    1.2031702
                ],
                [
                    0.35004237,
                    1.13110322,
                    1.13379276,
                    1.10360278,
                    1.22730209,
                    1.66453477,
                    1.68785961,
                    1.65033557,
                    1.64398178,
                    1.64841232,
                    1.20917808,
                    1.20886011,
                    1.20487455
                ],
                [
                    0.35004237,
                    1.10289366,
                    1.13298574,
                    1.13261935,
                    1.22730209,
                    1.64902674,
                    1.65033557,
                    1.68785961,
                    1.6586935,
                    1.64920864,
                    1.20047679,
                    1.21232331,
                    1.21011264
                ],
                [
                    0.35004237,
                    1.11392409,
                    1.11249714,
                    1.14207751,
                    1.22730209,
                    1.64432431,
                    1.64398178,
                    1.6586935,
                    1.68785961,
                    1.66026486,
                    1.20590293,
                    1.20641125,
                    1.21059856
                ],
                [
                    0.35004237,
                    1.13270172,
                    1.10534151,
                    1.13045551,
                    1.22730209,
                    1.64937863,
                    1.64841232,
                    1.64920864,
                    1.66026486,
                    1.68785961,
                    1.21264771,
                    1.20083308,
                    1.20943195
                ],
                [
                    -0.00611455,
                    0.68925318,
                    0.67254894,
                    0.67630427,
                    0.82417576,
                    1.20998238,
                    1.20917808,
                    1.20047679,
                    1.20590293,
                    1.21264771,
                    0.83015372,
                    0.80726145,
                    0.80726145
                ],
                [
                    -0.00611455,
                    0.67300899,
                    0.68272828,
                    0.68236912,
                    0.82417576,
                    1.20976015,
                    1.20886011,
                    1.21232331,
                    1.20641125,
                    1.20083308,
                    0.80726145,
                    0.83015372,
                    0.80726145
                ],
                [
                    -0.00611455,
                    0.67584422,
                    0.68282917,
                    0.679433,
                    0.82417576,
                    1.2031702,
                    1.20487455,
                    1.21011264,
                    1.21059856,
                    1.20943195,
                    0.80726145,
                    0.80726145,
                    0.83015372
                ]
            ],
"e_orb_kp_1":
[
    [
        0.0,
        -0.18854277,
        -0.18854277,
        -0.18854277,
        -0.00571564,
        0.35004237,
        0.35004237,
        0.35004237,
        0.35004237,
        0.35004237,
        -0.00611455,
        -0.00611455,
        -0.00611455
    ],
    [
        -0.18854277,
        0.0,
        0.56335992,
        0.56335992,
        0.67846524,
        1.07486814,
        1.0763476,
        1.09346135,
        1.08676957,
        1.07537784,
        0.64849601,
        0.66507785,
        0.66218369
    ],
    [
        -0.18854277,
        0.56335992,
        0.0,
        0.56335992,
        0.67846524,
        1.07729144,
        1.07471595,
        1.07520554,
        1.08763525,
        1.09197632,
        0.66554746,
        0.65515654,
        0.65505355
    ],
    [
        -0.18854277,
        0.56335992,
        0.56335992,
        0.0,
        0.67846524,
        1.09193512,
        1.09303115,
        1.07542781,
        1.06968988,
        1.07674054,
        0.66171408,
        0.65552316,
        0.65852031
    ],
    [
        -0.00571564,
        0.67846524,
        0.67846524,
        0.67846524,
        0.0,
        1.22015598,
        1.22015598,
        1.22015598,
        1.22015598,
        1.22015598,
        0.781584,
        0.781584,
        0.781584
    ],
    [
        0.35004237,
        1.07486814,
        1.07729144,
        1.09193512,
        1.22015598,
        0.0,
        1.65287235,
        1.6296103,
        1.62255666,
        1.63013814,
        1.20389951,
        1.2037624,
        1.19969677
    ],
    [
        0.35004237,
        1.0763476,
        1.07471595,
        1.09303115,
        1.22015598,
        1.65287235,
        0.0,
        1.63157355,
        1.62204287,
        1.62868868,
        1.20340329,
        1.20320713,
        1.20074826
    ],
    [
        0.35004237,
        1.09346135,
        1.07520554,
        1.07542781,
        1.22015598,
        1.6296103,
        1.63157355,
        0.0,
        1.64411044,
        1.62988315,
        1.19803508,
        1.20534373,
        1.20397987
    ],
    [
        0.35004237,
        1.08676957,
        1.08763525,
        1.06968988,
        1.22015598,
        1.62255666,
        1.62204287,
        1.64411044,
        0.0,
        1.64646748,
        1.20138271,
        1.20169631,
        1.20427965
    ],
    [
        0.35004237,
        1.07537784,
        1.09197632,
        1.07674054,
        1.22015598,
        1.63013814,
        1.62868868,
        1.62988315,
        1.64646748,
        0.0,
        1.20554387,
        1.19825489,
        1.20355992
    ],
    [
        -0.00611455,
        0.64849601,
        0.66554746,
        0.66171408,
        0.781584,
        1.20389951,
        1.20340329,
        1.19803508,
        1.20138271,
        1.20554387,
        0.0,
        0.79581531,
        0.79581531
    ],
    [
        -0.00611455,
        0.66507785,
        0.65515654,
        0.65552316,
        0.781584,
        1.2037624,
        1.20320713,
        1.20534373,
        1.20169631,
        1.19825489,
        0.79581531,
        0.0,
        0.79581531
    ],
    [
        -0.00611455,
        0.66218369,
        0.65505355,
        0.65852031,
        0.781584,
        1.19969677,
        1.20074826,
        1.20397987,
        1.20427965,
        1.20355992,
        0.79581531,
        0.79581531,
        0.0
    ]
],
"e_orb_mks":
            [-0.35140789,
            0.13169647,
            0.13169647,
            0.13169647,
            0.30225409,
            0.65664492,
            0.65664492,
            0.65664492,
            0.65664492,
            0.65664492,
            0.30021185,
            0.30021184,
            0.30021184
            ],
"e_orb_mkp_0":
            [
                [
                -1.00755019,
                -0.21971142,
                -0.21971142,
                -0.21971142,
                -0.0491538,
                0.30523703,
                0.30523703,
                0.30523703,
                0.30523703,
                0.30523703,
                -0.05119604,
                -0.05119604,
                -0.05119604
            ],
            [
                -0.21971142,
                0.65337281,
                0.61195333,
                0.61195333,
                0.71350127,
                1.14778886,
                1.14535019,
                1.11714063,
                1.12817107,
                1.1469487,
                0.703224,
                0.68697981,
                0.68981503
            ],
            [
                -0.21971142,
                0.61195333,
                0.65337281,
                0.61195333,
                0.71350127,
                1.1437944,
                1.14803973,
                1.14723271,
                1.12674412,
                1.11958849,
                0.68651976,
                0.69669909,
                0.69679998
            ],
            [
                -0.21971142,
                0.61195333,
                0.61195333,
                0.65337281,
                0.71350127,
                1.1196564,
                1.11784975,
                1.14686633,
                1.15632449,
                1.14470248,
                0.69027508,
                0.69633994,
                0.69340382
            ],
            [
                -0.0491538,
                0.71350127,
                0.71350127,
                0.71350127,
                0.83940214,
                1.22927956,
                1.22927956,
                1.22927956,
                1.22927956,
                1.22927956,
                0.82587706,
                0.82587706,
                0.82587706
            ],
            [
                0.30523703,
                1.14778886,
                1.1437944,
                1.1196564,
                1.22927956,
                1.68846989,
                1.66514506,
                1.64963702,
                1.64493459,
                1.64998891,
                1.21031651,
                1.21009428,
                1.20350432
            ],
            [
                0.30523703,
                1.14535019,
                1.14803973,
                1.11784975,
                1.22927956,
                1.66514506,
                1.68846989,
                1.65094586,
                1.64459207,
                1.64902261,
                1.2095122,
                1.20919424,
                1.20520867
            ],
            [
                0.30523703,
                1.11714063,
                1.14723271,
                1.14686633,
                1.22927956,
                1.64963702,
                1.65094586,
                1.68846989,
                1.65930378,
                1.64981892,
                1.20081092,
                1.21265743,
                1.21044676
            ],
            [
                0.30523703,
                1.12817107,
                1.12674412,
                1.15632449,
                1.22927956,
                1.64493459,
                1.64459207,
                1.65930378,
                1.68846989,
                1.66087514,
                1.20623705,
                1.20674537,
                1.21093268
            ],
            [
                0.30523703,
                1.1469487,
                1.11958849,
                1.14470248,
                1.22927956,
                1.64998891,
                1.64902261,
                1.64981892,
                1.66087514,
                1.68846989,
                1.21298184,
                1.2011672,
                1.20976607
            ],
            [
                -0.05119604,
                0.703224,
                0.68651976,
                0.69027508,
                0.82587706,
                1.21031651,
                1.2095122,
                1.20081092,
                1.20623705,
                1.21298184,
                0.83021169,
                0.80731941,
                0.80731941
            ],
            [
                -0.05119604,
                0.68697981,
                0.69669909,
                0.69633994,
                0.82587706,
                1.21009428,
                1.20919424,
                1.21265743,
                1.20674537,
                1.2011672,
                0.80731941,
                0.83021169,
                0.80731941
            ],
            [
                -0.05119604,
                0.68981503,
                0.69679998,
                0.69340382,
                0.82587706,
                1.20350432,
                1.20520867,
                1.21044676,
                1.21093268,
                1.20976607,
                0.80731941,
                0.80731941,
                0.83021169
            ]
            ],
"e_orb_mkp_1":
[
    [
        0.0,
        -0.21971142,
        -0.21971142,
        -0.21971142,
        -0.0491538,
        0.30523703,
        0.30523703,
        0.30523703,
        0.30523703,
        0.30523703,
        -0.05119604,
        -0.05119604,
        -0.05119604
    ],
    [
        -0.21971142,
        0.0,
        0.59124359,
        0.59124359,
        0.69407939,
        1.08911511,
        1.09059457,
        1.10770833,
        1.10101655,
        1.08962481,
        0.66246683,
        0.67904867,
        0.67615451
    ],
    [
        -0.21971142,
        0.59124359,
        0.0,
        0.59124359,
        0.69407939,
        1.09153841,
        1.08896292,
        1.08945251,
        1.10188223,
        1.1062233,
        0.67951828,
        0.66912736,
        0.66902437
    ],
    [
        -0.21971142,
        0.59124359,
        0.59124359,
        0.0,
        0.69407939,
        1.10618209,
        1.10727813,
        1.08967479,
        1.08393685,
        1.09098751,
        0.67568489,
        0.66949398,
        0.67249113
    ],
    [
        -0.0491538,
        0.69407939,
        0.69407939,
        0.69407939,
        0.0,
        1.22213344,
        1.22213344,
        1.22213344,
        1.22213344,
        1.22213344,
        0.7832853,
        0.7832853,
        0.7832853
    ],
    [
        0.30523703,
        1.08911511,
        1.09153841,
        1.10618209,
        1.22213344,
        0.0,
        1.65348264,
        1.63022058,
        1.62316694,
        1.63074842,
        1.20423363,
        1.20409653,
        1.20003089
    ],
    [
        0.30523703,
        1.09059457,
        1.08896292,
        1.10727813,
        1.22213344,
        1.65348264,
        0.0,
        1.63218384,
        1.62265315,
        1.62929896,
        1.20373742,
        1.20354125,
        1.20108238
    ],
    [
        0.30523703,
        1.10770833,
        1.08945251,
        1.08967479,
        1.22213344,
        1.63022058,
        1.63218384,
        0.0,
        1.64472073,
        1.63049344,
        1.19836921,
        1.20567785,
        1.20431399
    ],
    [
        0.30523703,
        1.10101655,
        1.10188223,
        1.08393685,
        1.22213344,
        1.62316694,
        1.62265315,
        1.64472073,
        0.0,
        1.64707776,
        1.20171684,
        1.20203044,
        1.20461378
    ],
    [
        0.30523703,
        1.08962481,
        1.1062233,
        1.09098751,
        1.22213344,
        1.63074842,
        1.62929896,
        1.63049344,
        1.64707776,
        0.0,
        1.20587799,
        1.19858902,
        1.20389405
    ],
    [
        -0.05119604,
        0.66246683,
        0.67951828,
        0.67568489,
        0.7832853,
        1.20423363,
        1.20373742,
        1.19836921,
        1.20171684,
        1.20587799,
        0.0,
        0.79587327,
        0.79587327
    ],
    [
        -0.05119604,
        0.67904867,
        0.66912736,
        0.66949398,
        0.7832853,
        1.20409653,
        1.20354125,
        1.20567785,
        1.20203044,
        1.19858902,
        0.79587327,
        0.0,
        0.79587327
    ],
    [
        -0.05119604,
        0.67615451,
        0.66902437,
        0.67249113,
        0.7832853,
        1.20003089,
        1.20108238,
        1.20431399,
        1.20461378,
        1.20389405,
        0.79587327,
        0.79587327,
        0.0
    ]
]
}
